1 77
1 88
3 6
5 34
5 37
6 15
6 23
8 56
8 72
8 95
10 67
11 30
11 44
11 64
14 47
15 68
16 4
16 25
18 92
20 51
20 60
20 67
20 74
21 35
23 33
24 36
25 54
25 83
26 32
30 71
31 3
31 68
31 75
34 26
35 87
35 95
36 36
36 42
37 11
38 2
38 13
38 60
38 67
42 56
43 30
44 43
45 9
45 53
45 61
48 70
50 71
51 28
53 86
54 29
54 38
56 21
57 46
57 53
60 68
61 36
62 31
62 59
63 14
63 65
63 71
64 49
66 4
67 32
67 82
69 76
71 6
71 74
72 81
73 1
73 7
73 16
73 93
74 35
75 77
76 66
77 46
77 68
78 4
81 50
82 90
84 82
86 14
87 82
89 93
92 34
94 14
95 70
96 18
96 36
96 51
