0 6
0 7
0 11
0 14
0 17
1 3
1 4
1 9
1 10
1 17
2 2
2 3
2 4
2 6
2 8
2 11
2 15
3 1
3 2
3 3
3 6
3 8
3 14
3 16
4 0
4 3
4 6
4 7
4 8
4 10
4 11
4 14
5 0
5 2
5 4
5 5
5 8
5 9
5 10
5 11
5 13
5 17
6 2
6 3
6 8
6 10
6 13
6 14
6 15
6 16
7 1
7 7
7 9
7 13
7 14
8 2
8 6
8 11
8 14
8 16
9 2
9 5
9 7
9 13
9 14
9 15
9 17
10 2
10 14
11 0
11 1
11 2
11 3
11 10
11 11
11 13
11 14
12 2
12 6
12 7
12 8
12 10
12 11
12 15
12 16
13 6
13 8
13 12
13 13
14 1
14 2
14 6
14 8
14 9
14 10
14 11
14 15
15 9
15 10
15 12
15 15
15 16
16 1
16 4
16 9
16 10
16 11
16 16
17 0
17 5
17 6
17 8
17 13
17 14
17 15
