0 2
0 9
0 15
0 16
0 22
0 30
0 32
0 33
1 1
1 2
1 3
1 17
1 19
1 24
1 26
1 27
1 29
1 30
1 32
1 33
2 3
2 9
2 11
2 12
2 14
2 16
2 17
2 18
2 22
2 23
2 24
2 26
2 33
3 1
3 3
3 5
3 6
3 7
3 10
3 13
3 15
3 18
3 21
3 27
3 29
3 31
4 3
4 4
4 5
4 16
4 17
4 19
4 21
4 24
4 26
4 29
4 30
4 31
5 0
5 2
5 3
5 6
5 19
5 23
5 24
5 25
5 26
5 27
5 28
5 30
5 31
5 32
6 1
6 2
6 6
6 7
6 11
6 13
6 14
6 15
6 19
6 22
6 29
6 30
6 32
7 2
7 10
7 15
7 17
7 22
7 26
7 27
7 30
7 33
8 0
8 5
8 6
8 8
8 10
8 11
8 14
8 17
8 22
8 26
9 1
9 7
9 12
9 16
9 17
9 18
9 20
9 23
9 24
9 25
9 27
10 6
10 8
10 9
10 10
10 11
10 13
10 15
10 17
10 21
10 23
10 24
10 25
10 30
10 32
10 33
11 4
11 5
11 7
11 13
11 16
11 20
11 25
12 0
12 3
12 4
12 12
12 14
12 17
12 22
12 25
12 30
13 1
13 7
13 10
13 16
13 20
13 24
13 27
14 0
14 1
14 3
14 6
14 10
14 11
14 15
14 19
14 22
14 23
14 26
14 28
14 30
14 31
14 32
14 33
15 3
15 4
15 7
15 12
15 13
15 16
15 18
15 19
15 21
15 26
15 28
15 29
15 32
15 33
16 1
16 2
16 4
16 5
16 9
16 11
16 16
16 21
16 23
16 26
16 27
16 30
16 33
17 0
17 2
17 9
17 11
17 12
17 16
17 21
17 22
17 24
17 32
17 33
18 3
18 6
18 9
18 15
18 17
18 23
18 24
19 1
19 2
19 8
19 9
19 12
19 14
19 16
19 19
19 24
19 25
19 26
19 30
20 0
20 4
20 10
20 14
20 17
20 21
20 26
21 4
21 6
21 7
21 15
21 18
21 19
21 23
21 24
21 28
21 32
21 33
22 1
22 3
22 4
22 6
22 13
22 16
22 18
22 22
22 23
22 24
22 25
22 29
23 0
23 2
23 3
23 7
23 10
23 13
23 14
23 17
23 20
23 26
23 27
23 28
24 1
24 5
24 7
24 9
24 10
24 12
24 13
24 15
24 17
24 21
24 22
24 24
24 33
25 3
25 4
25 5
25 7
25 9
25 10
25 13
25 18
25 20
25 26
25 27
25 29
26 4
26 8
26 9
26 11
26 12
26 13
26 16
26 29
26 30
26 32
26 33
27 0
27 3
27 9
27 14
27 18
27 20
27 21
27 22
27 25
27 27
27 30
28 6
28 9
28 11
28 18
28 19
28 24
28 26
28 27
28 28
28 29
28 30
28 31
29 1
29 3
29 4
29 6
29 14
29 17
29 18
29 21
29 22
29 24
29 25
29 27
29 28
30 2
30 5
30 9
30 10
30 13
30 21
30 22
30 23
30 25
30 28
30 29
30 32
31 3
31 5
31 6
31 15
31 18
31 22
31 23
31 28
31 30
32 5
32 8
32 9
32 12
32 16
32 17
32 18
32 27
32 31
32 33
33 0
33 1
33 4
33 11
33 12
33 16
33 22
33 27
